2.27   5.440747e-05
 2.83   7.586293e-05
 3.40   9.661513e-05
 3.96   1.040373e-04
 4.53   1.070719e-04
 5.10   1.120196e-04
 5.66   1.122569e-04
 6.23   1.096516e-04
 6.80   1.054286e-04
 7.36   9.841153e-05
 7.93   8.981281e-05
 8.50   8.198409e-05
 9.06   7.168298e-05
 9.63   6.876334e-05
10.19   5.938393e-05
10.76   5.080545e-05
11.33   4.531691e-05
11.89   3.387597e-05
12.46   3.078197e-05
13.03   2.477285e-05
13.59   2.227385e-05
14.16   1.683310e-05
14.72   1.739617e-05
15.29   1.391096e-05
15.86   9.657071e-06
16.42   1.101075e-05
16.99   6.367935e-06
17.56   6.094620e-06
18.12   6.745990e-06
18.69   1.121086e-06
19.26   2.796062e-06
19.82   4.581407e-06
20.39   2.584110e-06
20.95  -4.177701e-07